   1.8500000e+03   5.4000000e-02
   1.8510000e+03   5.4000000e-02
   1.8520000e+03   5.7000000e-02
   1.8530000e+03   5.9000000e-02
   1.8540000e+03   6.9000000e-02
   1.8550000e+03   7.1000000e-02
   1.8560000e+03   7.6000000e-02
   1.8570000e+03   7.7000000e-02
   1.8580000e+03   7.8000000e-02
   1.8590000e+03   8.3000000e-02
   1.8600000e+03   9.1000000e-02
   1.8610000e+03   9.5000000e-02
   1.8620000e+03   9.7000000e-02
   1.8630000e+03   1.0400000e-01
   1.8640000e+03   1.1200000e-01
   1.8650000e+03   1.1900000e-01
   1.8660000e+03   1.2200000e-01
   1.8670000e+03   1.3000000e-01
   1.8680000e+03   1.3500000e-01
   1.8690000e+03   1.4200000e-01
   1.8700000e+03   1.4700000e-01
   1.8710000e+03   1.5600000e-01
   1.8720000e+03   1.7300000e-01
   1.8730000e+03   1.8400000e-01
   1.8740000e+03   1.7400000e-01
   1.8750000e+03   1.8800000e-01
   1.8760000e+03   1.9100000e-01
   1.8770000e+03   1.9400000e-01
   1.8780000e+03   1.9600000e-01
   1.8790000e+03   2.1000000e-01
   1.8800000e+03   2.3600000e-01
   1.8810000e+03   2.4300000e-01
   1.8820000e+03   2.5600000e-01
   1.8830000e+03   2.7200000e-01
   1.8840000e+03   2.7500000e-01
   1.8850000e+03   2.7700000e-01
   1.8860000e+03   2.8100000e-01
   1.8870000e+03   2.9500000e-01
   1.8880000e+03   3.2700000e-01
   1.8890000e+03   3.2700000e-01
   1.8900000e+03   3.5600000e-01
   1.8910000e+03   3.7200000e-01
   1.8920000e+03   3.7400000e-01
   1.8930000e+03   3.7000000e-01
   1.8940000e+03   3.8300000e-01
   1.8950000e+03   4.0600000e-01
   1.8960000e+03   4.1900000e-01
   1.8970000e+03   4.4000000e-01
   1.8980000e+03   4.6500000e-01
   1.8990000e+03   5.0700000e-01
   1.9000000e+03   5.3400000e-01
   1.9010000e+03   5.5200000e-01
   1.9020000e+03   5.6600000e-01
   1.9030000e+03   6.1700000e-01
   1.9040000e+03   6.2400000e-01
   1.9050000e+03   6.6300000e-01
   1.9060000e+03   7.0700000e-01
   1.9070000e+03   7.8400000e-01
   1.9080000e+03   7.5000000e-01
   1.9090000e+03   7.8500000e-01
   1.9100000e+03   8.1900000e-01
   1.9110000e+03   8.3600000e-01
   1.9120000e+03   8.7900000e-01
   1.9130000e+03   9.4300000e-01
   1.9140000e+03   8.5000000e-01
   1.9150000e+03   8.3800000e-01
   1.9160000e+03   9.0100000e-01
   1.9170000e+03   9.5500000e-01
   1.9180000e+03   9.3600000e-01
   1.9190000e+03   8.0600000e-01
   1.9200000e+03   9.3200000e-01
   1.9210000e+03   8.0300000e-01
   1.9220000e+03   8.4500000e-01
   1.9230000e+03   9.7000000e-01
   1.9240000e+03   9.6300000e-01
   1.9250000e+03   9.7500000e-01
   1.9260000e+03   9.8300000e-01
   1.9270000e+03   1.0620000e+00
   1.9280000e+03   1.0650000e+00
   1.9290000e+03   1.1450000e+00
   1.9300000e+03   1.0530000e+00
   1.9310000e+03   9.4000000e-01
   1.9320000e+03   8.4700000e-01
   1.9330000e+03   8.9300000e-01
   1.9340000e+03   9.7300000e-01
   1.9350000e+03   1.0270000e+00
   1.9360000e+03   1.1300000e+00
   1.9370000e+03   1.2090000e+00
   1.9380000e+03   1.1420000e+00
   1.9390000e+03   1.1920000e+00
   1.9400000e+03   1.2990000e+00
   1.9410000e+03   1.3340000e+00
   1.9420000e+03   1.3420000e+00
   1.9430000e+03   1.3910000e+00
   1.9440000e+03   1.3830000e+00
   1.9450000e+03   1.1600000e+00
   1.9460000e+03   1.2380000e+00
   1.9470000e+03   1.3920000e+00
   1.9480000e+03   1.4690000e+00
   1.9490000e+03   1.4190000e+00
   1.9500000e+03   1.6300000e+00
   1.9510000e+03   1.7680000e+00
   1.9520000e+03   1.7960000e+00
   1.9530000e+03   1.8410000e+00
   1.9540000e+03   1.8650000e+00
   1.9550000e+03   2.0430000e+00
   1.9560000e+03   2.1780000e+00
   1.9570000e+03   2.2700000e+00
   1.9580000e+03   2.3300000e+00
   1.9590000e+03   2.4620000e+00
   1.9600000e+03   2.5770000e+00
   1.9610000e+03   2.5940000e+00
   1.9620000e+03   2.7000000e+00
   1.9630000e+03   2.8480000e+00
   1.9640000e+03   3.0080000e+00
   1.9650000e+03   3.1450000e+00
   1.9660000e+03   3.3050000e+00
   1.9670000e+03   3.4110000e+00
   1.9680000e+03   3.5880000e+00
   1.9690000e+03   3.8000000e+00
   1.9700000e+03   4.0760000e+00
   1.9710000e+03   4.2310000e+00
   1.9720000e+03   4.3990000e+00
   1.9730000e+03   4.6350000e+00
   1.9740000e+03   4.6440000e+00
   1.9750000e+03   4.6150000e+00
   1.9760000e+03   4.8830000e+00
   1.9770000e+03   5.0290000e+00
   1.9780000e+03   5.1050000e+00
   1.9790000e+03   5.3870000e+00
   1.9800000e+03   5.3320000e+00
   1.9810000e+03   5.1680000e+00
   1.9820000e+03   5.1270000e+00
   1.9830000e+03   5.1100000e+00
   1.9840000e+03   5.2900000e+00
   1.9850000e+03   5.4440000e+00
   1.9860000e+03   5.6100000e+00
   1.9870000e+03   5.7530000e+00
   1.9880000e+03   5.9640000e+00
   1.9890000e+03   6.0890000e+00
   1.9900000e+03   6.1440000e+00
   1.9910000e+03   6.2350000e+00
   1.9920000e+03   6.1180000e+00
   1.9930000e+03   6.1240000e+00
   1.9940000e+03   6.2420000e+00
   1.9950000e+03   6.3720000e+00
   1.9960000e+03   6.5100000e+00
   1.9970000e+03   6.6190000e+00
   1.9980000e+03   6.5880000e+00
   1.9990000e+03   6.5690000e+00
   2.0000000e+03   6.7350000e+00
   2.0010000e+03   6.8960000e+00
   2.0020000e+03   6.9490000e+00
   2.0030000e+03   7.2860000e+00
   2.0040000e+03   7.6720000e+00
   2.0050000e+03   7.9710000e+00
   2.0060000e+03   8.2300000e+00
   2.0070000e+03   8.1982000e+00
   2.0080000e+03   8.3885091e+00
   2.0090000e+03   8.5140410e+00
   2.0100000e+03   8.6231402e+00
   2.0110000e+03   8.7188382e+00
   2.0120000e+03   8.8055736e+00
   2.0130000e+03   8.8883949e+00
   2.0140000e+03   8.9721422e+00
   2.0150000e+03   9.0607846e+00
   2.0160000e+03   9.1570283e+00
   2.0170000e+03   9.2622244e+00
   2.0180000e+03   9.3765274e+00
   2.0190000e+03   9.4992086e+00
   2.0200000e+03   9.6290195e+00
   2.0210000e+03   9.7645205e+00
   2.0220000e+03   9.9043232e+00
   2.0230000e+03   1.0047234e+01
   2.0240000e+03   1.0192312e+01
   2.0250000e+03   1.0338862e+01
   2.0260000e+03   1.0486402e+01
   2.0270000e+03   1.0634622e+01
   2.0280000e+03   1.0783327e+01
   2.0290000e+03   1.0932392e+01
   2.0300000e+03   1.1081737e+01
   2.0310000e+03   1.1231303e+01
   2.0320000e+03   1.1381049e+01
   2.0330000e+03   1.1530935e+01
   2.0340000e+03   1.1680930e+01
   2.0350000e+03   1.1831000e+01
   2.0360000e+03   1.1981115e+01
   2.0370000e+03   1.2131248e+01
   2.0380000e+03   1.2281370e+01
   2.0390000e+03   1.2431456e+01
   2.0400000e+03   1.2581478e+01
   2.0410000e+03   1.2731410e+01
   2.0420000e+03   1.2881225e+01
   2.0430000e+03   1.3030897e+01
   2.0440000e+03   1.3180397e+01
   2.0450000e+03   1.3329700e+01
   2.0460000e+03   1.3478779e+01
   2.0470000e+03   1.3627610e+01
   2.0480000e+03   1.3776170e+01
   2.0490000e+03   1.3924435e+01
   2.0500000e+03   1.4072380e+01
   2.0510000e+03   1.4219984e+01
   2.0520000e+03   1.4367221e+01
   2.0530000e+03   1.4514068e+01
   2.0540000e+03   1.4660503e+01
   2.0550000e+03   1.4806500e+01
   2.0560000e+03   1.4952037e+01
   2.0570000e+03   1.5097089e+01
   2.0580000e+03   1.5241633e+01
   2.0590000e+03   1.5385645e+01
   2.0600000e+03   1.5529100e+01
   2.0610000e+03   1.5671976e+01
   2.0620000e+03   1.5814248e+01
   2.0630000e+03   1.5955891e+01
   2.0640000e+03   1.6096883e+01
   2.0650000e+03   1.6237200e+01
   2.0660000e+03   1.6376817e+01
   2.0670000e+03   1.6515711e+01
   2.0680000e+03   1.6653858e+01
   2.0690000e+03   1.6791235e+01
   2.0700000e+03   1.6927818e+01
   2.0710000e+03   1.7063584e+01
   2.0720000e+03   1.7198509e+01
   2.0730000e+03   1.7332569e+01
   2.0740000e+03   1.7465740e+01
   2.0750000e+03   1.7598000e+01
   2.0760000e+03   1.7729324e+01
   2.0770000e+03   1.7859688e+01
   2.0780000e+03   1.7989068e+01
   2.0790000e+03   1.8117439e+01
   2.0800000e+03   1.8244776e+01
   2.0810000e+03   1.8371055e+01
   2.0820000e+03   1.8496251e+01
   2.0830000e+03   1.8620341e+01
   2.0840000e+03   1.8743298e+01
   2.0850000e+03   1.8865100e+01
   2.0860000e+03   1.8985721e+01
   2.0870000e+03   1.9105136e+01
   2.0880000e+03   1.9223322e+01
   2.0890000e+03   1.9340252e+01
   2.0900000e+03   1.9455903e+01
   2.0910000e+03   1.9570250e+01
   2.0920000e+03   1.9683268e+01
   2.0930000e+03   1.9794932e+01
   2.0940000e+03   1.9905218e+01
   2.0950000e+03   2.0014100e+01
   2.0960000e+03   2.0121555e+01
   2.0970000e+03   2.0227558e+01
   2.0980000e+03   2.0332086e+01
   2.0990000e+03   2.0435116e+01
   2.1000000e+03   2.0536623e+01
   2.1010000e+03   2.0636585e+01
   2.1020000e+03   2.0734977e+01
   2.1030000e+03   2.0831776e+01
   2.1040000e+03   2.0926958e+01
   2.1050000e+03   2.1020500e+01
   2.1060000e+03   2.1112378e+01
   2.1070000e+03   2.1202568e+01
   2.1080000e+03   2.1291045e+01
   2.1090000e+03   2.1377786e+01
   2.1100000e+03   2.1462765e+01
   2.1110000e+03   2.1545960e+01
   2.1120000e+03   2.1627345e+01
   2.1130000e+03   2.1706896e+01
   2.1140000e+03   2.1784589e+01
   2.1150000e+03   2.1860400e+01
   2.1160000e+03   2.1934305e+01
   2.1170000e+03   2.2006285e+01
   2.1180000e+03   2.2076322e+01
   2.1190000e+03   2.2144396e+01
   2.1200000e+03   2.2210490e+01
   2.1210000e+03   2.2274585e+01
   2.1220000e+03   2.2336661e+01
   2.1230000e+03   2.2396702e+01
   2.1240000e+03   2.2454688e+01
   2.1250000e+03   2.2510600e+01
   2.1260000e+03   2.2564421e+01
   2.1270000e+03   2.2616134e+01
   2.1280000e+03   2.2665722e+01
   2.1290000e+03   2.2713170e+01
   2.1300000e+03   2.2758462e+01
   2.1310000e+03   2.2801580e+01
   2.1320000e+03   2.2842509e+01
   2.1330000e+03   2.2881233e+01
   2.1340000e+03   2.2917736e+01
   2.1350000e+03   2.2952000e+01
   2.1360000e+03   2.2984011e+01
   2.1370000e+03   2.3013752e+01
   2.1380000e+03   2.3041210e+01
   2.1390000e+03   2.3066368e+01
   2.1400000e+03   2.3089213e+01
   2.1410000e+03   2.3109728e+01
   2.1420000e+03   2.3127900e+01
   2.1430000e+03   2.3143712e+01
   2.1440000e+03   2.3157151e+01
   2.1450000e+03   2.3168200e+01
   2.1460000e+03   2.3176846e+01
   2.1470000e+03   2.3183077e+01
   2.1480000e+03   2.3186883e+01
   2.1490000e+03   2.3188252e+01
   2.1500000e+03   2.3187175e+01
   2.1510000e+03   2.3183639e+01
   2.1520000e+03   2.3177634e+01
   2.1530000e+03   2.3169150e+01
   2.1540000e+03   2.3158176e+01
   2.1550000e+03   2.3144700e+01
   2.1560000e+03   2.3128713e+01
   2.1570000e+03   2.3110209e+01
   2.1580000e+03   2.3089183e+01
   2.1590000e+03   2.3065628e+01
   2.1600000e+03   2.3039539e+01
   2.1610000e+03   2.3010911e+01
   2.1620000e+03   2.2979739e+01
   2.1630000e+03   2.2946016e+01
   2.1640000e+03   2.2909739e+01
   2.1650000e+03   2.2870900e+01
   2.1660000e+03   2.2829496e+01
   2.1670000e+03   2.2785526e+01
   2.1680000e+03   2.2738989e+01
   2.1690000e+03   2.2689887e+01
   2.1700000e+03   2.2638219e+01
   2.1710000e+03   2.2583986e+01
   2.1720000e+03   2.2527187e+01
   2.1730000e+03   2.2467823e+01
   2.1740000e+03   2.2405894e+01
   2.1750000e+03   2.2341400e+01
   2.1760000e+03   2.2274343e+01
   2.1770000e+03   2.2204729e+01
   2.1780000e+03   2.2132567e+01
   2.1790000e+03   2.2057866e+01
   2.1800000e+03   2.1980633e+01
   2.1810000e+03   2.1900878e+01
   2.1820000e+03   2.1818609e+01
   2.1830000e+03   2.1733834e+01
   2.1840000e+03   2.1646561e+01
   2.1850000e+03   2.1556800e+01
   2.1860000e+03   2.1464559e+01
   2.1870000e+03   2.1369853e+01
   2.1880000e+03   2.1272698e+01
   2.1890000e+03   2.1173107e+01
   2.1900000e+03   2.1071098e+01
   2.1910000e+03   2.0966685e+01
   2.1920000e+03   2.0859883e+01
   2.1930000e+03   2.0750708e+01
   2.1940000e+03   2.0639175e+01
   2.1950000e+03   2.0525300e+01
   2.1960000e+03   2.0409099e+01
   2.1970000e+03   2.0290596e+01
   2.1980000e+03   2.0169814e+01
   2.1990000e+03   2.0046778e+01
   2.2000000e+03   1.9921513e+01
   2.2010000e+03   1.9794043e+01
   2.2020000e+03   1.9664392e+01
   2.2030000e+03   1.9532585e+01
   2.2040000e+03   1.9398646e+01
   2.2050000e+03   1.9262600e+01
   2.2060000e+03   1.9124472e+01
   2.2070000e+03   1.8984295e+01
   2.2080000e+03   1.8842102e+01
   2.2090000e+03   1.8697926e+01
   2.2100000e+03   1.8551800e+01
   2.2110000e+03   1.8403759e+01
   2.2120000e+03   1.8253835e+01
   2.2130000e+03   1.8102061e+01
   2.2140000e+03   1.7948472e+01
   2.2150000e+03   1.7793100e+01
   2.2160000e+03   1.7635980e+01
   2.2170000e+03   1.7477154e+01
   2.2180000e+03   1.7316661e+01
   2.2190000e+03   1.7154546e+01
   2.2200000e+03   1.6990848e+01
   2.2210000e+03   1.6825611e+01
   2.2220000e+03   1.6658875e+01
   2.2230000e+03   1.6490684e+01
   2.2240000e+03   1.6321078e+01
   2.2250000e+03   1.6150100e+01
   2.2260000e+03   1.5977793e+01
   2.2270000e+03   1.5804205e+01
   2.2280000e+03   1.5629386e+01
   2.2290000e+03   1.5453387e+01
   2.2300000e+03   1.5276258e+01
   2.2310000e+03   1.5098047e+01
   2.2320000e+03   1.4918806e+01
   2.2330000e+03   1.4738585e+01
   2.2340000e+03   1.4557433e+01
   2.2350000e+03   1.4375400e+01
   2.2360000e+03   1.4192538e+01
   2.2370000e+03   1.4008901e+01
   2.2380000e+03   1.3824546e+01
   2.2390000e+03   1.3639530e+01
   2.2400000e+03   1.3453909e+01
   2.2410000e+03   1.3267739e+01
   2.2420000e+03   1.3081077e+01
   2.2430000e+03   1.2893979e+01
   2.2440000e+03   1.2706501e+01
   2.2450000e+03   1.2518700e+01
   2.2460000e+03   1.2330633e+01
   2.2470000e+03   1.2142360e+01
   2.2480000e+03   1.1953940e+01
   2.2490000e+03   1.1765436e+01
   2.2500000e+03   1.1576906e+01
   2.2510000e+03   1.1388412e+01
   2.2520000e+03   1.1200014e+01
   2.2530000e+03   1.1011772e+01
   2.2540000e+03   1.0823747e+01
   2.2550000e+03   1.0636000e+01
   2.2560000e+03   1.0448590e+01
   2.2570000e+03   1.0261580e+01
   2.2580000e+03   1.0075030e+01
   2.2590000e+03   9.8890006e+00
   2.2600000e+03   9.7035541e+00
   2.2610000e+03   9.5187512e+00
   2.2620000e+03   9.3346532e+00
   2.2630000e+03   9.1513212e+00
   2.2640000e+03   8.9688164e+00
   2.2650000e+03   8.7872000e+00
   2.2660000e+03   8.6065322e+00
   2.2670000e+03   8.4268701e+00
   2.2680000e+03   8.2482696e+00
   2.2690000e+03   8.0707867e+00
   2.2700000e+03   7.8944776e+00
   2.2710000e+03   7.7193983e+00
   2.2720000e+03   7.5456048e+00
   2.2730000e+03   7.3731533e+00
   2.2740000e+03   7.2020996e+00
   2.2750000e+03   7.0325000e+00
   2.2760000e+03   6.8644090e+00
   2.2770000e+03   6.6978757e+00
   2.2780000e+03   6.5329476e+00
   2.2790000e+03   6.3696725e+00
   2.2800000e+03   6.2080979e+00
   2.2810000e+03   6.0482715e+00
   2.2820000e+03   5.8902409e+00
   2.2830000e+03   5.7340537e+00
   2.2840000e+03   5.5797575e+00
   2.2850000e+03   5.4274000e+00
   2.2860000e+03   5.2770261e+00
   2.2870000e+03   5.1286704e+00
   2.2880000e+03   4.9823647e+00
   2.2890000e+03   4.8381408e+00
   2.2900000e+03   4.6960306e+00
   2.2910000e+03   4.5560660e+00
   2.2920000e+03   4.4182787e+00
   2.2930000e+03   4.2827008e+00
   2.2940000e+03   4.1493639e+00
   2.2950000e+03   4.0183000e+00
   2.2960000e+03   3.8895380e+00
   2.2970000e+03   3.7630955e+00
   2.2980000e+03   3.6389868e+00
   2.2990000e+03   3.5172267e+00
   2.3000000e+03   3.3978296e+00
   2.3010000e+03   3.2808102e+00
   2.3020000e+03   3.1661830e+00
   2.3030000e+03   3.0539625e+00
   2.3040000e+03   2.9441633e+00
   2.3050000e+03   2.8368000e+00
   2.3060000e+03   2.7318835e+00
   2.3070000e+03   2.6294101e+00
   2.3080000e+03   2.5293726e+00
   2.3090000e+03   2.4317636e+00
   2.3100000e+03   2.3365759e+00
   2.3110000e+03   2.2438021e+00
   2.3120000e+03   2.1534349e+00
   2.3130000e+03   2.0654670e+00
   2.3140000e+03   1.9798911e+00
   2.3150000e+03   1.8967000e+00
   2.3160000e+03   1.8158834e+00
   2.3170000e+03   1.7374200e+00
   2.3180000e+03   1.6612852e+00
   2.3190000e+03   1.5874547e+00
   2.3200000e+03   1.5159043e+00
   2.3210000e+03   1.4466096e+00
   2.3220000e+03   1.3795461e+00
   2.3230000e+03   1.3146896e+00
   2.3240000e+03   1.2520157e+00
   2.3250000e+03   1.1915000e+00
   2.3260000e+03   1.1331157e+00
   2.3270000e+03   1.0768260e+00
   2.3280000e+03   1.0225917e+00
   2.3290000e+03   9.7037336e-01
   2.3300000e+03   9.2013178e-01
   2.3310000e+03   8.7182765e-01
   2.3320000e+03   8.2542170e-01
   2.3330000e+03   7.8087463e-01
   2.3340000e+03   7.3814716e-01
   2.3350000e+03   6.9720000e-01
   2.3360000e+03   6.5799307e-01
   2.3370000e+03   6.2048306e-01
   2.3380000e+03   5.8462587e-01
   2.3390000e+03   5.5037741e-01
   2.3400000e+03   5.1769356e-01
   2.3410000e+03   4.8653023e-01
   2.3420000e+03   4.5684331e-01
   2.3430000e+03   4.2858870e-01
   2.3440000e+03   4.0172229e-01
   2.3450000e+03   3.7620000e-01
   2.3460000e+03   3.5197781e-01
   2.3470000e+03   3.2901212e-01
   2.3480000e+03   3.0725942e-01
   2.3490000e+03   2.8667621e-01
   2.3500000e+03   2.6721899e-01
   2.3510000e+03   2.4884425e-01
   2.3520000e+03   2.3150848e-01
   2.3530000e+03   2.1516819e-01
   2.3540000e+03   1.9977986e-01
   2.3550000e+03   1.8530000e-01
   2.3560000e+03   1.7168650e-01
   2.3570000e+03   1.5890288e-01
   2.3580000e+03   1.4691405e-01
   2.3590000e+03   1.3568495e-01
   2.3600000e+03   1.2518049e-01
   2.3610000e+03   1.1536558e-01
   2.3620000e+03   1.0620516e-01
   2.3630000e+03   9.7664146e-02
   2.3640000e+03   8.9707451e-02
   2.3650000e+03   8.2300000e-02
   2.3660000e+03   7.5408497e-02
   2.3670000e+03   6.9006780e-02
   2.3680000e+03   6.3070472e-02
   2.3690000e+03   5.7575195e-02
   2.3700000e+03   5.2496569e-02
   2.3710000e+03   4.7810218e-02
   2.3720000e+03   4.3491764e-02
   2.3730000e+03   3.9516828e-02
   2.3740000e+03   3.5861033e-02
   2.3750000e+03   3.2500000e-02
   2.3760000e+03   2.9410913e-02
   2.3770000e+03   2.6577202e-02
   2.3780000e+03   2.3983859e-02
   2.3790000e+03   2.1615873e-02
   2.3800000e+03   1.9458238e-02
   2.3810000e+03   1.7495943e-02
   2.3820000e+03   1.5713980e-02
   2.3830000e+03   1.4097342e-02
   2.3840000e+03   1.2631018e-02
   2.3850000e+03   1.1300000e-02
   2.3860000e+03   1.0090550e-02
   2.3870000e+03   8.9940102e-03
   2.3880000e+03   8.0029935e-03
   2.3890000e+03   7.1101127e-03
   2.3900000e+03   6.3079807e-03
   2.3910000e+03   5.5892102e-03
   2.3920000e+03   4.9464140e-03
   2.3930000e+03   4.3722051e-03
   2.3940000e+03   3.8591961e-03
   2.3950000e+03   3.4000000e-03
   2.3960000e+03   2.9879869e-03
   2.3970000e+03   2.6195569e-03
   2.3980000e+03   2.2918675e-03
   2.3990000e+03   2.0020759e-03
   2.4000000e+03   1.7473398e-03
   2.4010000e+03   1.5248164e-03
   2.4020000e+03   1.3316634e-03
   2.4030000e+03   1.1650380e-03
   2.4040000e+03   1.0220977e-03
   2.4050000e+03   9.0000000e-04
   2.4060000e+03   7.9590230e-04
   2.4070000e+03   7.0696204e-04
   2.4080000e+03   6.3033664e-04
   2.4090000e+03   5.6318356e-04
   2.4100000e+03   5.0266023e-04
   2.4110000e+03   4.4592407e-04
   2.4120000e+03   3.9013254e-04
   2.4130000e+03   3.3244305e-04
   2.4140000e+03   2.7001306e-04
   2.4150000e+03   2.0000000e-04
